{
   "id": 0,
   "yaw" : 0,
   "k" : [614.6570434570312, 0.0, 326.6780090332031, 0.0, 614.308349609375, 242.25645446777344, 0.0, 0.0, 1.0],
   "t" : [0, 0, 1, -1, 0, 0, 0, -1, 0]
}