name: front_laser
angle_max: 2.268928050994873
angle_min: -2.268928050994873
num_beams: 1041
origin: [0.25, 0.155, 0.785]
