{
   "id": 2,
   "yaw" : 3.14159265359,
   "k" : [380.07025146484375, 0.0, 324.4729919433594, 0.0, 379.66119384765625, 237.78517150878906, 0.0, 0.0, 1.0],
   "t" : [0, 0, 1, -1, 0, 0, 0, -1, 0]
}